Pag. 35¹.

Temp·med·p²¹¹‘is· 'Lfflgst-COIU· L0¹³git.Com.¹ differ. 1 Latit.Corn. huit-ex 'diffen

 

 

 

 

 

 

 

 

 

 

 

 

 

 

 

 

 

obseruata. ex calculo. Obseruata. calcum.

— Ostobr. ¹²· ¹7h· ω’·-ᾙ 5’· 3⁰·10st‘5—-77‘ 5‘- 3⁰- ¹0¹· 59¹¹ Γ- 2¹¹ 3⁰. 58¹. 1479] 3⁰. 58‘. ιζ’] T'ssu
'³' ¹7' 3' ¹4 ⁵· ³· 40· ²4 5· 3· 39· 35 “ 49 3· 2¹· 14 3. 24. 35 -Ι- 3’. 21

14. 15. 41. 3 5. 4. 6. 31 15. 4. 6. 29 - 2 2. 52. 23 2, 52- 39 1-1- 16

¹9· ¹7· ³8· 4³ 5· ⁶· 23· ⁵0 ¹5· 6- 27· 55 - 55 Bor. 5 Bor. 9 ÷ 4

 

 

25.16.16.5ἔ15. 9. 5. 2615. 9. 6. 3711- 1. 1113.22.43 13> 24, gs4 ¹·25
53 -

 

 

 

 

 

 

 

 

 

 

 

 

 

 

 

 

 

 

 

 

 

 

 

 

 

 

 

 

 

 

 

 

Nou. 1. 16. 2. 3 5. 12· 2· 32 5· 12. 1. , 39 7· 26· 44 7. 27· 14 ÷ 30
10. 16. 39. 3215. 15. 3¹. 131515. 34. 10 1-1’ 2. 57 12. 47. 52 12. 48 ¹7 1-1- 25

23. 17. 31. 22 5. 19. 56. 1315. 19. 55. 7 —- 1. 6 20. 41. 41 ¹20. 4.. 21 4- 40

Dec. 9. 18. 30. 9 5. 23. 59, 10 5. 23. 59. 36 1-1- 26 30. 44. 10 130. 44. 27 —- 17
¹4· 18. 27. 5ο 5. 24. 52. 4315. 24. 52. 42 —- 1 33. 53. 32 33 53. 32 — ο

30. 18. 9. 52 5. 26. 6. 23 5. 26, 4. 30 — 1. 53 43. 46. o 43 45. 43 -—- 17

1774. Ianuar. 10. 17. 19. 26 5. 25. 9. 28 5, 25. 3. 48 - 5. 40 50. 3. 20 50. 0. 56 - 2. 24
21. 17. 20. 58 5. 22. 10. 9 5, 22. 8. 51 — 1. 18 55. 32. 9 155. 29. 16 —- 2. 53

Febr. 6. 11. 0. 4915. 14. 26. 5715. 14. 24, 591- 1, 58 61. 16. 57 ¹61. 15. 17 — 1. 40
11. 11. 23. 58 5.11. 18. 9 5. 11. 14. 40 — 3. -9162. 23 44 162. 28. 31 - 13

17. 8. 8. 18 5. 7. 24. 17 5. 7. 18. 8 — 6. 9 63. 38 0 63. 30. 26 - 7. 34

20. 10. 22. 5¹ 5. 5. 14. 215. 5. 10. 57 - 3. 5 03. 59. 7 163. 53. 6 — 6. 1

Mart. 1. 7. 52. 28 4. 29. 18. 48 4. 29. 21. 4414Α 2. 56 61. 24. 36 63. 22. 44 - 1. 52
15. 8. 2618 4, 21, 59, 57 4 22. 1 30 ÷ 1. 3‘3 63. 46 o1 63, 45. 10 —- 1. 21

19. 9. 20. 15 4. 20. 30. 43 4 20. 29. 01- 1. 43 163. 26Δ 26 63. 20. 54 1- 5. 32

April. 2. 7, 55. 49 4. 17. 14 50 4. 17. 9. 37 — 5. 13 ’61. 35. 3 61. 3²· 30 - 2. 33
3. 8. 29. 57 4. 17. 3, 26 4. 17· 1. 34 - 1, 52 61 24. 59 61. 23. 34 - 1. 25

4. 8. 25. 21 4. 16. 53. 19 ,4. 16. 54. 47 -ι- 1. 23 61 15. 14 6¹. 14. 56 - 18

5. 8.12. 30 4. 16. 51. 45 4. 16, 48. 37 - 3 8 61 10. 6 61. 6.13 -· 3- 53

11. 9. 58. 57 4. 16. 31, 23 4. 16. 26, 21 — 4. 32 60 9. 50 60, 11. 54 -ι- 2· 4

12. 9. 23. 14 4, 16, 25. 20 4. 16. 25. 21 4- 1 60 3. 0 60. 3. 1 -μ 1

13. 9. 18. 40 4. 16. 18. 25 4. 16. 24. 36 ÷ 6. 11 59 55, 29 59. 54. 4 - 1. 25

14. 9. 35. 25 4. 16, 15. 3 4. 16. 24. 51 -ff- 9. 48 59 50. 43 59. 44. 53 - 5. 50

 

 

 

 

 

 

Reliquas

